0. 3: 0, 1, 2,
1. 4: 0, 1, 2, 4,
2. 4: 0, 1, 2, 4,
3. 3: 0, 1, 2,
4. 4: 0, 1, 2, 3,
5. 4: 0, 1, 2, 4,
6. 3: 0, 1, 2,
7. 3: 0, 1, 2,
8. 5: 0, 1, 2, 3, 4,
9. 3: 0, 1, 2,
10. 5: 0, 1, 2, 3, 4,
11. 4: 0, 1, 2, 3,
12. 5: 0, 1, 2, 3, 4,
13. 3: 0, 1, 2,
14. 5: 0, 1, 2, 3, 4,
15. 4: 0, 1, 2, 3,
16. 3: 0, 1, 2,
17. 3: 0, 1, 2,
18. 3: 0, 1, 2,
19. 3: 2, 3, 4,
20. 5: 0, 1, 2, 3, 4,
21. 3: 0, 1, 2,
22. 4: 0, 1, 2, 4,
23. 3: 0, 1, 2,
24. 5: 0, 1, 2, 3, 4,
25. 3: 0, 1, 2,
26. 4: 0, 1, 2, 4, 
27. 3: 0, 1, 2, 
