0. 11: 0, 1, 2, 3, 4, 5, 6, 7, 8, 9, 10,
1. 11: 0, 1, 2, 3, 4, 5, 6, 7, 8, 9, 10,
2. 10: 0, 1, 3, 4, 5, 6, 7, 8, 9, 10,
3. 10: 0, 1, 3, 4, 5, 6, 7, 8, 9, 10,
4. 10: 0, 1, 3, 4, 5, 6, 7, 8, 9, 10,
5. 10: 0, 1, 3, 4, 5, 6, 7, 8, 9, 10,
6. 10: 0, 1, 3, 4, 5, 6, 7, 8, 9, 10,
7. 10: 0, 1, 3, 4, 5, 6, 7, 8, 9, 10,
8. 10: 0, 1, 3, 4, 5, 6, 7, 8, 9, 10,
9. 11: 0, 1, 2, 3, 4, 5, 6, 7, 8, 9, 10,
10. 9: 0, 1, 3, 5, 6, 7, 8, 9, 10,
11. 10: 0, 1, 2, 3, 5, 6, 7, 8, 9, 10,
12. 10: 0, 1, 3, 4, 5, 6, 7, 8, 9, 10,
13. 9: 0, 1, 3, 5, 6, 7, 8, 9, 10,
14. 10: 0, 1, 3, 4, 5, 6, 7, 8, 9, 10,
15. 10: 0, 1, 3, 4, 5, 6, 7, 8, 9, 10,
16. 9: 0, 1, 2, 3, 5, 6, 7, 8, 10,
17. 10: 0, 1, 3, 4, 5, 6, 7, 8, 9, 10,
18. 10: 0, 1, 2, 3, 4, 5, 6, 7, 8, 10,
19. 10: 0, 1, 3, 4, 5, 6, 7, 8, 9, 10,
20. 10: 0, 1, 2, 3, 4, 5, 6, 7, 8, 10,
21. 11: 0, 1, 2, 3, 4, 5, 6, 7, 8, 9, 10,
22. 11: 0, 1, 2, 3, 4, 5, 6, 7, 8, 9, 10,
23. 11: 0, 1, 2, 3, 4, 5, 6, 7, 8, 9, 10,
24. 11: 0, 1, 2, 3, 4, 5, 6, 7, 8, 9, 10,
25. 11: 0, 1, 2, 3, 4, 5, 6, 7, 8, 9, 10,
26. 11: 0, 1, 2, 3, 4, 5, 6, 7, 8, 9, 10,
27. 11: 0, 1, 2, 3, 4, 5, 6, 7, 8, 9, 10,
28. 11: 0, 1, 2, 3, 4, 5, 6, 7, 8, 9, 10,
29. 11: 0, 1, 2, 3, 4, 5, 6, 7, 8, 9, 10,
30. 11: 0, 1, 2, 3, 4, 5, 6, 7, 8, 9, 10, 
31. 11: 0, 1, 2, 3, 4, 5, 6, 7, 8, 9, 10, 
